2.4158401906325566
1.1792140704517253
1.1499667340358595
0.8318966525102046
1.43736494221374
3.7882568700762698
0.7216041638589391
0.805711498931678
0.4358278814303561
0.3636464095566121
1.0556955253714713
1.0959716236117183
0.9030107824106878
1.1359699416185483
0.9998336359632791
0.22546816544554327
0.47286830102336613
0.6869646972345191
1.0569537077356062
4.624433612547751
0.6255049639858661
0.5257992695658975
0.7127241546938469
0.819238255537012
0.8536126571970878
1.3850615587616342
0.5254530406598212
0.13591149442432027
0.3574144146022368
0.7346090009369928
1.211536093757641
0.32829111113003273
0.5149849381225979
0.3683731438078283
0.9770333200731037
0.6790478366868856
0.4878399991304393
0.5314924313264677
0.3920897311312501
0.8709413551756728
1.1936679494710891
0.7575234177848664
0.9536835444921231
0.3916570462536273
0.30088552692636494
0.3971492576893777
0.5548287206702776
