0.5803054642364303
2.2214074219279976
0.41515861875080035
2.8932489579869074
0.7216041638589391
0.805711498931678
0.4358278814303561
0.3636464095566121
1.0556955253714713
1.0959716236117183
0.9030107824106878
1.1359699416185483
0.9998336359632791
0.22546816544554327
0.47286830102336613
0.6869646972345191
0.6476224356473308
0.282289665562076
4.012003196543164
0.39667877410361
0.30357851406868247
0.40650847967536363
0.3059536142358695
0.28061709481847075
0.12029494950287668
2.143815705608238
0.6011591942636022
