0.5665804654678578
0.11334314798378263
0.31444445277527683
0.2906885694618992
0.4132337492583539
0.8930159574735359
0.44153866696533517
0.34937198312223106
0.7317603617834095
0.7192954911903271
0.628382848801162
0.4492457916813724
0.5558778779312552
0.45116422817469987
0.627780328597465
1.0727715283405233
0.41911252454595455
0.8480525397837443
1.0941453588021703
0.7422482094314593
0.5033616031758817
0.6686541307948488
1.3176035387884089
2.231527473742423
0.551610364225119
0.686876492508228
2.7472624783607085
3.0136227791712664
0.39156069973638974
1.9632187427561607
1.0580715537817038
0.5701469127288411
0.6111249176148459
0.3641175768096749
0.43801410040816974
1.1765742732627982
0.38834887608265206
0.3865176272219739
0.6175953657724755
0.799447637826508
2.3516707464746656
1.5643518439797157
0.9164243716915524
0.9147117755153099
0.31385867481619967
1.440218297113105
1.3551334430310666
