0.5803054642364303
2.2214074219279976
0.41515861875080035
2.8932489579869074
0.7216041638589391
0.805711498931678
0.4358278814303561
0.3636464095566121
1.0556955253714713
1.0959716236117183
0.9030107824106878
1.1359699416185483
0.9998336359632791
0.22546816544554327
0.47286830102336613
0.6869646972345191
1.0569537077356062
4.624433612547751
0.6255049639858661
0.5257992695658975
0.7127241546938469
0.819238255537012
0.8536126571970878
1.3850615587616342
0.5254530406598212
0.13591149442432027
0.3574144146022368
0.7346090009369928
1.211536093757641
0.32829111113003273
0.5149849381225979
0.3683731438078283
0.9770333200731037
0.6790478366868856
